+----+--------------------+--------+--------+---------+----------------+------------------+------------+-------------------------+-------------------+-------------------------+-------------------+--------------------------+--------------------+-----------------+-----------+--------------------+--------------+---------------------------+---------------------+---------------------------+---------------------+----------------------------+----------------------+
|    | file               |   rows |   cols |     nnz |   initial_diag |   rcm_final_diag |   rcm_time |   gorder_w10_final_diag |   gorder_w10_time |   gorder_w50_final_diag |   gorder_w50_time |   gorder_w100_final_diag |   gorder_w100_time |   hs_final_diag |   hs_time |   rcmhs_final_diag |   rcmhs_time |   gorderhs_w10_final_diag |   gorderhs_w10_time |   gorderhs_w50_final_diag |   gorderhs_w50_time |   gorderhs_w100_final_diag |   gorderhs_w100_time |
+====+====================+========+========+=========+================+==================+============+=========================+===================+=========================+===================+==========================+====================+=================+===========+====================+==============+===========================+=====================+===========================+=====================+============================+======================+
|  0 | permuted_1024_40   |   1024 |   1024 |   38779 |           1024 |             1024 |          2 |                    1024 |                 4 |                    1024 |                 4 |                     1024 |                  4 |            1024 |    252405 |               1024 |       277594 |                      1024 |              275188 |                      1024 |              277344 |                       1024 |               279376 |
+----+--------------------+--------+--------+---------+----------------+------------------+------------+-------------------------+-------------------+-------------------------+-------------------+--------------------------+--------------------+-----------------+-----------+--------------------+--------------+---------------------------+---------------------+---------------------------+---------------------+----------------------------+----------------------+
|  1 | permuted_1024_160  |   1024 |   1024 |  155660 |           1024 |             1024 |          6 |                    1024 |                10 |                    1024 |                11 |                     1024 |                 12 |            1024 |    602153 |               1024 |       602357 |                      1024 |              601409 |                      1024 |              602610 |                       1024 |               600345 |
+----+--------------------+--------+--------+---------+----------------+------------------+------------+-------------------------+-------------------+-------------------------+-------------------+--------------------------+--------------------+-----------------+-----------+--------------------+--------------+---------------------------+---------------------+---------------------------+---------------------+----------------------------+----------------------+
|  2 | permuted_512_160   |    512 |    512 |   77835 |            512 |              512 |          3 |                     512 |                 5 |                     512 |                 6 |                      512 |                  6 |             512 |    235896 |                512 |       260957 |                       512 |              261305 |                       512 |              261419 |                        512 |               261238 |
+----+--------------------+--------+--------+---------+----------------+------------------+------------+-------------------------+-------------------+-------------------------+-------------------+--------------------------+--------------------+-----------------+-----------+--------------------+--------------+---------------------------+---------------------+---------------------------+---------------------+----------------------------+----------------------+
|  3 | permuted_512_80    |    512 |    512 |   38993 |            512 |              512 |          1 |                     512 |                 3 |                     512 |                 3 |                      512 |                  4 |             512 |    121338 |                512 |       133619 |                       512 |              133740 |                       512 |              133730 |                        512 |               133584 |
+----+--------------------+--------+--------+---------+----------------+------------------+------------+-------------------------+-------------------+-------------------------+-------------------+--------------------------+--------------------+-----------------+-----------+--------------------+--------------+---------------------------+---------------------+---------------------------+---------------------+----------------------------+----------------------+
|  4 | permuted_4096_1280 |   4096 |   4096 | 4980288 |           4096 |             4096 |        180 |                    4096 |               278 |                    4096 |               282 |                     4096 |                287 |            4096 |    664713 |               4096 |       664879 |                      4096 |              663583 |                      4096 |              666790 |                       4096 |               661343 |
+----+--------------------+--------+--------+---------+----------------+------------------+------------+-------------------------+-------------------+-------------------------+-------------------+--------------------------+--------------------+-----------------+-----------+--------------------+--------------+---------------------------+---------------------+---------------------------+---------------------+----------------------------+----------------------+
|  5 | permuted_256_20    |    256 |    256 |    4852 |            256 |              256 |          0 |                     256 |                 0 |                     256 |                 0 |                      256 |                  2 |             256 |      4538 |                256 |         4836 |                       256 |                4852 |                       256 |                4837 |                        256 |                 4846 |
+----+--------------------+--------+--------+---------+----------------+------------------+------------+-------------------------+-------------------+-------------------------+-------------------+--------------------------+--------------------+-----------------+-----------+--------------------+--------------+---------------------------+---------------------+---------------------------+---------------------+----------------------------+----------------------+
|  6 | permuted_512_20    |    512 |    512 |    9781 |            512 |              512 |          0 |                     512 |                 2 |                     512 |                 2 |                      512 |                  2 |             512 |     35446 |                512 |        37497 |                       512 |               37511 |                       512 |               37585 |                        512 |                37517 |
+----+--------------------+--------+--------+---------+----------------+------------------+------------+-------------------------+-------------------+-------------------------+-------------------+--------------------------+--------------------+-----------------+-----------+--------------------+--------------+---------------------------+---------------------+---------------------------+---------------------+----------------------------+----------------------+
|  7 | permuted_2048_160  |   2048 |   2048 |  311074 |           2048 |             2048 |         12 |                    2048 |                21 |                    2048 |                22 |                     2048 |                 23 |            2048 |    604655 |               2048 |       601935 |                      2048 |              601705 |                      2048 |              601856 |                       2048 |               602066 |
+----+--------------------+--------+--------+---------+----------------+------------------+------------+-------------------------+-------------------+-------------------------+-------------------+--------------------------+--------------------+-----------------+-----------+--------------------+--------------+---------------------------+---------------------+---------------------------+---------------------+----------------------------+----------------------+
|  8 | permuted_2048_640  |   2048 |   2048 | 1242787 |           2048 |             2048 |         45 |                    2048 |                69 |                    2048 |                71 |                     2048 |                 75 |            2048 |    602175 |               2048 |       616335 |                      2048 |              614872 |                      2048 |              615055 |                       2048 |               613773 |
+----+--------------------+--------+--------+---------+----------------+------------------+------------+-------------------------+-------------------+-------------------------+-------------------+--------------------------+--------------------+-----------------+-----------+--------------------+--------------+---------------------------+---------------------+---------------------------+---------------------+----------------------------+----------------------+
|  9 | permuted_2048_80   |   2048 |   2048 |  154918 |           2048 |             2048 |          6 |                    2048 |                13 |                    2048 |                13 |                     2048 |                 13 |            2048 |    600718 |               2048 |       602068 |                      2048 |              601029 |                      2048 |              601563 |                       2048 |               600999 |
+----+--------------------+--------+--------+---------+----------------+------------------+------------+-------------------------+-------------------+-------------------------+-------------------+--------------------------+--------------------+-----------------+-----------+--------------------+--------------+---------------------------+---------------------+---------------------------+---------------------+----------------------------+----------------------+
| 10 | permuted_256_80    |    256 |    256 |   19594 |            256 |              256 |          0 |                     256 |                 1 |                     256 |                 2 |                      256 |                  2 |             256 |     15888 |                256 |        17331 |                       256 |               17341 |                       256 |               17370 |                        256 |                17395 |
+----+--------------------+--------+--------+---------+----------------+------------------+------------+-------------------------+-------------------+-------------------------+-------------------+--------------------------+--------------------+-----------------+-----------+--------------------+--------------+---------------------------+---------------------+---------------------------+---------------------+----------------------------+----------------------+
| 11 | permuted_1024_320  |   1024 |   1024 |  311589 |           1024 |             1024 |         11 |                    1024 |                18 |                    1024 |                20 |                     1024 |                 21 |            1024 |    602229 |               1024 |       600533 |                      1024 |              600838 |                      1024 |              601767 |                       1024 |               603060 |
+----+--------------------+--------+--------+---------+----------------+------------------+------------+-------------------------+-------------------+-------------------------+-------------------+--------------------------+--------------------+-----------------+-----------+--------------------+--------------+---------------------------+---------------------+---------------------------+---------------------+----------------------------+----------------------+
| 12 | permuted_4096_640  |   4096 |   4096 | 2486649 |           4096 |             4096 |         91 |                    4096 |               147 |                    4096 |               148 |                     4096 |                151 |            4096 |    624151 |               4096 |       626319 |                      4096 |              619330 |                      4096 |              628565 |                       4096 |               621009 |
+----+--------------------+--------+--------+---------+----------------+------------------+------------+-------------------------+-------------------+-------------------------+-------------------+--------------------------+--------------------+-----------------+-----------+--------------------+--------------+---------------------------+---------------------+---------------------------+---------------------+----------------------------+----------------------+
| 13 | permuted_256_40    |    256 |    256 |    9769 |            256 |              256 |          0 |                     256 |                 1 |                     256 |                 1 |                      256 |                  2 |             256 |      8313 |                256 |         8991 |                       256 |                9004 |                       256 |                9028 |                        256 |                 9022 |
+----+--------------------+--------+--------+---------+----------------+------------------+------------+-------------------------+-------------------+-------------------------+-------------------+--------------------------+--------------------+-----------------+-----------+--------------------+--------------+---------------------------+---------------------+---------------------------+---------------------+----------------------------+----------------------+
| 14 | permuted_1024_80   |   1024 |   1024 |   77841 |           1024 |             1024 |          3 |                    1024 |                 6 |                    1024 |                 6 |                     1024 |                  7 |            1024 |    499490 |               1024 |       531329 |                      1024 |              530905 |                      1024 |              531468 |                       1024 |               531511 |
+----+--------------------+--------+--------+---------+----------------+------------------+------------+-------------------------+-------------------+-------------------------+-------------------+--------------------------+--------------------+-----------------+-----------+--------------------+--------------+---------------------------+---------------------+---------------------------+---------------------+----------------------------+----------------------+
| 15 | permuted_2048_320  |   2048 |   2048 |  622766 |           2048 |             2048 |         23 |                    2048 |                38 |                    2048 |                40 |                     2048 |                 41 |            2048 |    604526 |               2048 |       608099 |                      2048 |              607319 |                      2048 |              608108 |                       2048 |               604892 |
+----+--------------------+--------+--------+---------+----------------+------------------+------------+-------------------------+-------------------+-------------------------+-------------------+--------------------------+--------------------+-----------------+-----------+--------------------+--------------+---------------------------+---------------------+---------------------------+---------------------+----------------------------+----------------------+
| 16 | permuted_256_10    |    256 |    256 |    2457 |            256 |              256 |          0 |                     256 |                 0 |                     256 |                 0 |                      256 |                  0 |             252 |      6608 |                254 |         4538 |                       251 |                8588 |                       252 |                5518 |                        252 |                 6441 |
+----+--------------------+--------+--------+---------+----------------+------------------+------------+-------------------------+-------------------+-------------------------+-------------------+--------------------------+--------------------+-----------------+-----------+--------------------+--------------+---------------------------+---------------------+---------------------------+---------------------+----------------------------+----------------------+
| 17 | permuted_4096_160  |   4096 |   4096 |  623202 |           4096 |             4096 |         24 |                    4096 |                45 |                    4096 |                45 |                     4096 |                 46 |            4096 |    609303 |               4096 |       607756 |                      4096 |              606788 |                      4096 |              607555 |                       4096 |               606309 |
+----+--------------------+--------+--------+---------+----------------+------------------+------------+-------------------------+-------------------+-------------------------+-------------------+--------------------------+--------------------+-----------------+-----------+--------------------+--------------+---------------------------+---------------------+---------------------------+---------------------+----------------------------+----------------------+
| 18 | permuted_4096_320  |   4096 |   4096 | 1246553 |           4096 |             4096 |         46 |                    4096 |                79 |                    4096 |                81 |                     4096 |                 81 |            4096 |    614941 |               4096 |       608286 |                      4096 |              603771 |                      4096 |              603713 |                       4096 |               603801 |
+----+--------------------+--------+--------+---------+----------------+------------------+------------+-------------------------+-------------------+-------------------------+-------------------+--------------------------+--------------------+-----------------+-----------+--------------------+--------------+---------------------------+---------------------+---------------------------+---------------------+----------------------------+----------------------+
| 19 | permuted_512_40    |    512 |    512 |   19408 |            512 |              512 |          1 |                     512 |                 2 |                     512 |                 2 |                      512 |                  2 |             512 |     63353 |                512 |        70047 |                       512 |               69208 |                       512 |               69173 |                        512 |                69182 |
+----+--------------------+--------+--------+---------+----------------+------------------+------------+-------------------------+-------------------+-------------------------+-------------------+--------------------------+--------------------+-----------------+-----------+--------------------+--------------+---------------------------+---------------------+---------------------------+---------------------+----------------------------+----------------------+
| 20 | can_256            |    256 |    256 |    1586 |            256 |              195 |          0 |                     253 |                 0 |                     256 |                 1 |                      256 |                  1 |             250 |      4929 |                195 |         3028 |                       240 |                8039 |                       246 |                7524 |                        248 |                 5457 |
+----+--------------------+--------+--------+---------+----------------+------------------+------------+-------------------------+-------------------+-------------------------+-------------------+--------------------------+--------------------+-----------------+-----------+--------------------+--------------+---------------------------+---------------------+---------------------------+---------------------+----------------------------+----------------------+
| 21 | extr1b_A_02        |   2836 |   2836 |   10965 |           2715 |             2338 |          2 |                    2558 |                 5 |                    2515 |                 5 |                     2484 |                  5 |            2042 |    600252 |               1804 |       600091 |                      1854 |              600189 |                      1843 |              600390 |                       1801 |               600348 |
+----+--------------------+--------+--------+---------+----------------+------------------+------------+-------------------------+-------------------+-------------------------+-------------------+--------------------------+--------------------+-----------------+-----------+--------------------+--------------+---------------------------+---------------------+---------------------------+---------------------+----------------------------+----------------------+
| 22 | bcsstk15           |   3948 |   3948 |   60882 |            875 |              979 |          6 |                    3888 |                15 |                    3926 |                15 |                     3874 |                 16 |             875 |    600734 |                979 |       601554 |                      3655 |              601850 |                      3773 |              600439 |                       3695 |               601657 |
+----+--------------------+--------+--------+---------+----------------+------------------+------------+-------------------------+-------------------+-------------------------+-------------------+--------------------------+--------------------+-----------------+-----------+--------------------+--------------+---------------------------+---------------------+---------------------------+---------------------+----------------------------+----------------------+
| 23 | filter2D_E         |   1668 |   1668 |    1668 |              1 |                1 |          1 |                       1 |                 4 |                       1 |                 2 |                        1 |                  1 |               1 |     80167 |                  1 |        81809 |                         1 |               82250 |                         1 |               83220 |                          1 |                75058 |
+----+--------------------+--------+--------+---------+----------------+------------------+------------+-------------------------+-------------------+-------------------------+-------------------+--------------------------+--------------------+-----------------+-----------+--------------------+--------------+---------------------------+---------------------+---------------------------+---------------------+----------------------------+----------------------+
| 24 | utm1700b           |   1700 |   1700 |   21509 |             72 |              645 |          1 |                    1419 |                 4 |                    1406 |                 4 |                     1205 |                  4 |              72 |    349872 |                563 |       600268 |                      1197 |              600367 |                      1179 |              600104 |                       1021 |               600290 |
+----+--------------------+--------+--------+---------+----------------+------------------+------------+-------------------------+-------------------+-------------------------+-------------------+--------------------------+--------------------+-----------------+-----------+--------------------+--------------+---------------------------+---------------------+---------------------------+---------------------+----------------------------+----------------------+
| 25 | poisson2D          |    367 |    367 |    2417 |            353 |              123 |          0 |                     203 |                 1 |                      97 |                 1 |                       97 |                  2 |             314 |     40563 |                122 |         9600 |                       137 |               25342 |                        97 |                8189 |                         97 |                 8187 |
+----+--------------------+--------+--------+---------+----------------+------------------+------------+-------------------------+-------------------+-------------------------+-------------------+--------------------------+--------------------+-----------------+-----------+--------------------+--------------+---------------------------+---------------------+---------------------------+---------------------+----------------------------+----------------------+
| 26 | heart1             |   3557 |   3557 | 1387773 |           3557 |             2711 |         50 |                    3557 |                76 |                    3557 |                80 |                     3557 |                 83 |            3557 |    612906 |               2711 |       611311 |                      3557 |              612315 |                      3557 |              605358 |                       3557 |               603708 |
+----+--------------------+--------+--------+---------+----------------+------------------+------------+-------------------------+-------------------+-------------------------+-------------------+--------------------------+--------------------+-----------------+-----------+--------------------+--------------+---------------------------+---------------------+---------------------------+---------------------+----------------------------+----------------------+
| 27 | rail_1357_E        |   1357 |   1357 |    5177 |           1301 |              145 |          1 |                     657 |                 5 |                     445 |                 4 |                      175 |                  5 |            1072 |    600056 |                145 |       119464 |                       439 |              487860 |                       389 |              429860 |                        173 |               162739 |
+----+--------------------+--------+--------+---------+----------------+------------------+------------+-------------------------+-------------------+-------------------------+-------------------+--------------------------+--------------------+-----------------+-----------+--------------------+--------------+---------------------------+---------------------+---------------------------+---------------------+----------------------------+----------------------+
| 28 | extr1              |   2837 |   2837 |   11407 |           2709 |             2330 |          2 |                    2627 |                 5 |                    2537 |                 5 |                     2548 |                  6 |            2029 |    600338 |               1875 |       600256 |                      1866 |              600369 |                      1874 |              600255 |                       1859 |               600102 |
+----+--------------------+--------+--------+---------+----------------+------------------+------------+-------------------------+-------------------+-------------------------+-------------------+--------------------------+--------------------+-----------------+-----------+--------------------+--------------+---------------------------+---------------------+---------------------------+---------------------+----------------------------+----------------------+
| 29 | cage8              |   1015 |   1015 |   11003 |            779 |              607 |          1 |                    1007 |                 3 |                    1001 |                 3 |                     1005 |                  3 |             736 |    418044 |                605 |       133675 |                       919 |              407353 |                       897 |              361252 |                        907 |               600105 |
+----+--------------------+--------+--------+---------+----------------+------------------+------------+-------------------------+-------------------+-------------------------+-------------------+--------------------------+--------------------+-----------------+-----------+--------------------+--------------+---------------------------+---------------------+---------------------------+---------------------+----------------------------+----------------------+
| 30 | c-18               |   2169 |   2169 |    8657 |           2093 |             1859 |          1 |                    2119 |                 4 |                    2113 |                 5 |                     2073 |                  5 |            1781 |    600234 |               1685 |       600102 |                      1849 |              600305 |                      1832 |              600098 |                       1745 |               600265 |
+----+--------------------+--------+--------+---------+----------------+------------------+------------+-------------------------+-------------------+-------------------------+-------------------+--------------------------+--------------------+-----------------+-----------+--------------------+--------------+---------------------------+---------------------+---------------------------+---------------------+----------------------------+----------------------+
| 31 | piston             |   2025 |   2025 |  100015 |             89 |              279 |          4 |                     765 |                16 |                     335 |                12 |                      205 |                 18 |              89 |    600974 |                279 |       600814 |                       680 |              600106 |                       278 |              601181 |                        187 |               600188 |
+----+--------------------+--------+--------+---------+----------------+------------------+------------+-------------------------+-------------------+-------------------------+-------------------+--------------------------+--------------------+-----------------+-----------+--------------------+--------------+---------------------------+---------------------+---------------------------+---------------------+----------------------------+----------------------+
| 32 | Chebyshev1         |    261 |    261 |    2319 |            261 |              261 |          0 |                     261 |                 0 |                     261 |                 0 |                      261 |                  0 |             261 |      5115 |                261 |         5004 |                       261 |                5290 |                       261 |                5170 |                        261 |                 5224 |
+----+--------------------+--------+--------+---------+----------------+------------------+------------+-------------------------+-------------------+-------------------------+-------------------+--------------------------+--------------------+-----------------+-----------+--------------------+--------------+---------------------------+---------------------+---------------------------+---------------------+----------------------------+----------------------+
| 33 | epb0               |   1794 |   1794 |    7764 |           1646 |               19 |          1 |                      45 |                 3 |                      25 |                 3 |                       25 |                  5 |             988 |    600218 |                 18 |       171559 |                        45 |              165201 |                        24 |              168881 |                         24 |               166183 |
+----+--------------------+--------+--------+---------+----------------+------------------+------------+-------------------------+-------------------+-------------------------+-------------------+--------------------------+--------------------+-----------------+-----------+--------------------+--------------+---------------------------+---------------------+---------------------------+---------------------+----------------------------+----------------------+
| 34 | shermanACa         |   3432 |   3432 |   25220 |           3431 |             3388 |          2 |                    3432 |                 7 |                    3429 |                 7 |                     3432 |                  7 |            3345 |    600596 |               3180 |       600511 |                      3344 |              600603 |                      3356 |              600153 |                       3334 |               600654 |
+----+--------------------+--------+--------+---------+----------------+------------------+------------+-------------------------+-------------------+-------------------------+-------------------+--------------------------+--------------------+-----------------+-----------+--------------------+--------------+---------------------------+---------------------+---------------------------+---------------------+----------------------------+----------------------+
| 35 | Dubcova1           |  16129 |  16129 |  134569 |          15861 |             1971 |         18 |                   13627 |                49 |                   12923 |                52 |                    12591 |                 52 |           15628 |    604226 |               1971 |       602693 |                     12994 |              601435 |                     12302 |              603067 |                      12068 |               603726 |
+----+--------------------+--------+--------+---------+----------------+------------------+------------+-------------------------+-------------------+-------------------------+-------------------+--------------------------+--------------------+-----------------+-----------+--------------------+--------------+---------------------------+---------------------+---------------------------+---------------------+----------------------------+----------------------+
| 36 | lshp3025           |   3025 |   3025 |   11929 |            913 |              169 |          2 |                    1817 |                 7 |                    1309 |                 7 |                      173 |                  8 |             806 |    600205 |                167 |       600275 |                      1323 |              600320 |                      1055 |              600154 |                        170 |               600471 |
+----+--------------------+--------+--------+---------+----------------+------------------+------------+-------------------------+-------------------+-------------------------+-------------------+--------------------------+--------------------+-----------------+-----------+--------------------+--------------+---------------------------+---------------------+---------------------------+---------------------+----------------------------+----------------------+
| 37 | celegans_metabolic |    453 |    453 |    2040 |            453 |              453 |          0 |                     453 |                 1 |                     453 |                 2 |                      453 |                  1 |             441 |     61594 |                442 |        70664 |                       436 |               38458 |                       429 |               86122 |                        437 |                71275 |
+----+--------------------+--------+--------+---------+----------------+------------------+------------+-------------------------+-------------------+-------------------------+-------------------+--------------------------+--------------------+-----------------+-----------+--------------------+--------------+---------------------------+---------------------+---------------------------+---------------------+----------------------------+----------------------+
| 38 | heart2             |   2339 |   2339 |  682797 |           2339 |             2123 |         25 |                    2339 |                39 |                    2339 |                42 |                     2339 |                 44 |            2339 |    609184 |               2117 |       606309 |                      2339 |              608478 |                      2339 |              609235 |                       2339 |               606039 |
+----+--------------------+--------+--------+---------+----------------+------------------+------------+-------------------------+-------------------+-------------------------+-------------------+--------------------------+--------------------+-----------------+-----------+--------------------+--------------+---------------------------+---------------------+---------------------------+---------------------+----------------------------+----------------------+
| 39 | piston_M           |   2025 |   2025 |    2171 |              9 |               23 |          2 |                     213 |                 2 |                      43 |                 2 |                       43 |                  3 |               9 |    125728 |                 23 |       148176 |                       194 |              254377 |                        41 |              146891 |                         41 |               164443 |
+----+--------------------+--------+--------+---------+----------------+------------------+------------+-------------------------+-------------------+-------------------------+-------------------+--------------------------+--------------------+-----------------+-----------+--------------------+--------------+---------------------------+---------------------+---------------------------+---------------------+----------------------------+----------------------+
| 40 | ch5-5-b3           |    600 |    600 |    2400 |            587 |              563 |          0 |                     567 |                 1 |                     561 |                 1 |                      561 |                  1 |             350 |    185872 |                360 |       183045 |                       330 |              280193 |                       342 |              209918 |                        329 |               282053 |
+----+--------------------+--------+--------+---------+----------------+------------------+------------+-------------------------+-------------------+-------------------------+-------------------+--------------------------+--------------------+-----------------+-----------+--------------------+--------------+---------------------------+---------------------+---------------------------+---------------------+----------------------------+----------------------+
| 41 | extr1b_A_01        |   2836 |   2836 |   10965 |           2715 |             2338 |          2 |                    2529 |                 5 |                    2484 |                 5 |                     2507 |                  5 |            2026 |    600228 |               1803 |       600378 |                      1853 |              600230 |                      1755 |              600484 |                       1791 |               600378 |
+----+--------------------+--------+--------+---------+----------------+------------------+------------+-------------------------+-------------------+-------------------------+-------------------+--------------------------+--------------------+-----------------+-----------+--------------------+--------------+---------------------------+---------------------+---------------------------+---------------------+----------------------------+----------------------+
| 42 | extr1b_A_03        |   2836 |   2836 |   10965 |           2715 |             2338 |          2 |                    2558 |                 5 |                    2515 |                 5 |                     2484 |                  5 |            2057 |    600191 |               1793 |       600435 |                      1823 |              600342 |                      1808 |              600338 |                       1807 |               600207 |
+----+--------------------+--------+--------+---------+----------------+------------------+------------+-------------------------+-------------------+-------------------------+-------------------+--------------------------+--------------------+-----------------+-----------+--------------------+--------------+---------------------------+---------------------+---------------------------+---------------------+----------------------------+----------------------+
| 43 | cage9              |   3534 |   3534 |   41594 |           2451 |             1735 |          3 |                    3472 |                 9 |                    3480 |                10 |                     3450 |                  9 |            2370 |    600726 |               1733 |       600314 |                      3237 |              600555 |                      3262 |              600301 |                       3196 |               601000 |
+----+--------------------+--------+--------+---------+----------------+------------------+------------+-------------------------+-------------------+-------------------------+-------------------+--------------------------+--------------------+-----------------+-----------+--------------------+--------------+---------------------------+---------------------+---------------------------+---------------------+----------------------------+----------------------+
| 44 | email              |   1133 |   1133 |    5451 |           1132 |             1132 |          1 |                    1132 |                 3 |                    1132 |                 3 |                     1128 |                  4 |            1102 |    468803 |               1098 |       600165 |                      1085 |              435003 |                      1077 |              600195 |                       1091 |               358289 |
+----+--------------------+--------+--------+---------+----------------+------------------+------------+-------------------------+-------------------+-------------------------+-------------------+--------------------------+--------------------+-----------------+-----------+--------------------+--------------+---------------------------+---------------------+---------------------------+---------------------+----------------------------+----------------------+
| 45 | Chem97ZtZ          |   2541 |   2541 |    4951 |           2281 |              199 |          2 |                     201 |                 3 |                     201 |                 6 |                      201 |                  6 |            1608 |    600096 |                199 |       212127 |                       181 |              214300 |                       181 |              214202 |                        181 |               213994 |
+----+--------------------+--------+--------+---------+----------------+------------------+------------+-------------------------+-------------------+-------------------------+-------------------+--------------------------+--------------------+-----------------+-----------+--------------------+--------------+---------------------------+---------------------+---------------------------+---------------------+----------------------------+----------------------+
| 46 | c-19               |   2327 |   2327 |   12072 |           2221 |             2327 |          2 |                    2321 |                 5 |                    2321 |                 5 |                     2327 |                  5 |            2115 |    600513 |               2133 |       600099 |                      2043 |              600117 |                      2255 |              600543 |                       2133 |               600254 |
+----+--------------------+--------+--------+---------+----------------+------------------+------------+-------------------------+-------------------+-------------------------+-------------------+--------------------------+--------------------+-----------------+-----------+--------------------+--------------+---------------------------+---------------------+---------------------------+---------------------+----------------------------+----------------------+
| 47 | Chebyshev2         |   2053 |   2053 |   18447 |           2053 |             2053 |          1 |                    2053 |                 4 |                    2053 |                 3 |                     2053 |                  4 |            2053 |    350407 |               2053 |       326310 |                      2053 |              346261 |                      2053 |              346324 |                       2053 |               353987 |
+----+--------------------+--------+--------+---------+----------------+------------------+------------+-------------------------+-------------------+-------------------------+-------------------+--------------------------+--------------------+-----------------+-----------+--------------------+--------------+---------------------------+---------------------+---------------------------+---------------------+----------------------------+----------------------+
| 48 | delaunay_n10       |   1024 |   1024 |    3056 |            918 |              256 |          0 |                     743 |                 3 |                     526 |                 2 |                      236 |                  5 |             664 |    600101 |                256 |        57967 |                       503 |              399053 |                       405 |              281520 |                        236 |                58145 |
+----+--------------------+--------+--------+---------+----------------+------------------+------------+-------------------------+-------------------+-------------------------+-------------------+--------------------------+--------------------+-----------------+-----------+--------------------+--------------+---------------------------+---------------------+---------------------------+---------------------+----------------------------+----------------------+
| 49 | powersim           |  15838 |  15838 |   67562 |           9068 |             7251 |         12 |                    5332 |                30 |                    4439 |                30 |                     3848 |                 30 |            8229 |    600619 |               6551 |       601395 |                      5079 |              600903 |                      4225 |              601571 |                       3634 |               600155 |
+----+--------------------+--------+--------+---------+----------------+------------------+------------+-------------------------+-------------------+-------------------------+-------------------+--------------------------+--------------------+-----------------+-----------+--------------------+--------------+---------------------------+---------------------+---------------------------+---------------------+----------------------------+----------------------+
| 50 | filter2D           |   1668 |   1668 |    6209 |            159 |              141 |          1 |                     867 |                 5 |                     377 |                 6 |                      157 |                  4 |             159 |    164356 |                141 |       165218 |                       620 |              600089 |                       354 |              478892 |                        157 |               167411 |
+----+--------------------+--------+--------+---------+----------------+------------------+------------+-------------------------+-------------------+-------------------------+-------------------+--------------------------+--------------------+-----------------+-----------+--------------------+--------------+---------------------------+---------------------+---------------------------+---------------------+----------------------------+----------------------+